<?xml version="1.0" encoding="UTF-8" standalone="no" ?>
<SimscapeMultibodyImportXML version="2.0" xmlns="urn:mathworks:SimscapeMultibody:import" xmlns:xsi="http://www.w3.org/2001/XMLSchema-instance">
<Created by="" on="10/05/25||01:41:44" using="Simscape Multibody Link Version 7.4" from="SolidWorks 31.3.0"/>
<ModelUnits mass="kilogram" length="inch"/>
<DataUnits mass="kilogram" length="meter"/>
<RootAssembly name="Elegoo" uid="Elegoo" version="2030">
<AssemblyFile name="Elegoo.SLDASM" type="SolidWorks Assembly"/>
<InstanceTree>
<Instance name="Hex Nut_M3-2" uid="Hex Nut_M3-2" entityUid="Hex Nut_M3*:*B18.2.4.1M - Hex nut, Style 1,  M3 x 0.5 --D-N">
<Transform>
<Rotation>1.2971809711312317e-16 -1.3497466869810935e-15 -1 -1 -3.2751579226442112e-14 -1.2971809711307897e-16 -3.2751579226442112e-14 1 -1.3497466869810978e-15</Rotation>
<Translation>0.021249999999999873 0.0024999999999978546 0.062000000016000124</Translation>
</Transform>
</Instance>
<Instance name="Cap Screw_M3_30mm-1" uid="Cap Screw_M3_30mm-1" entityUid="Cap Screw_M3_30mm*:*B18.3.1M - 3 x 0.5 x 30 Hex SHCS -- 30NHX">
<Transform>
<Rotation>-1 -9.0778359503694559e-16 -3.4737412070804259e-15 7.4738470140880507e-16 -1.0000000000000002 -3.2640556923979602e-14 -3.4852087428931706e-15 -3.2640556923979602e-14 1</Rotation>
<Translation>0.049549999999999872 0.019999999999997853 0.06200000001600077</Translation>
</Transform>
</Instance>
<Instance name="Cap Screw_M3_30mm-2" uid="Cap Screw_M3_30mm-2" entityUid="Cap Screw_M3_30mm*:*B18.3.1M - 3 x 0.5 x 30 Hex SHCS -- 30NHX">
<Transform>
<Rotation>-1 -4.8823872141621748e-16 -3.0404624263010936e-15 0 -0.98735050738457486 0.15855275326345702 -3.0794137128224913e-15 0.15855275326345702 0.98735050738457486</Rotation>
<Translation>0.049549999999999851 0.0024999999999978494 0.062000000016000159</Translation>
</Transform>
</Instance>
<Instance name="Hex Nut_M3-1" uid="Hex Nut_M3-1" entityUid="Hex Nut_M3*:*B18.2.4.1M - Hex nut, Style 1,  M3 x 0.5 --D-N">
<Transform>
<Rotation>1.5961654369022709e-15 0 -1 -2.2204460492503077e-16 -0.99999999999999978 0 -1 1.6653345369377402e-16 -1.4509028907058828e-15</Rotation>
<Translation>0.021249999999999859 0.02 0.062000000016000055</Translation>
</Transform>
</Instance>
<Instance name="Cap Screw_M3_10mm-11" uid="Cap Screw_M3_10mm-11" entityUid="Cap Screw_M3_10mm*:*B18.3.1M - 3 x 0.5 x 30 Hex SHCS -- 30NHX">
<Transform>
<Rotation>1.2128474795814855e-15 -0.98208185031913653 -0.18845487330854963 1 1.2852676196547721e-15 -2.6208142892372901e-16 4.9960036108132015e-16 -0.18845487330854963 0.98208185031913653</Rotation>
<Translation>-0.025500000000000002 -0.0073999999999999969 0.058000000080000155</Translation>
</Transform>
</Instance>
<Instance name="Hex Nut_M3-11" uid="Hex Nut_M3-11" entityUid="Hex Nut_M3*:*B18.2.4.1M - Hex nut, Style 1,  M3 x 0.5 --D-N">
<Transform>
<Rotation>-3.4964465434909173e-16 1.5758826180082195e-15 -1 -1 -3.2751579226442112e-14 3.4964465434904011e-16 -3.2751579226442112e-14 1 1.5758826180082309e-15</Rotation>
<Translation>-0.023249999999999861 0.0024999999999978603 0.062000000016000104</Translation>
</Transform>
</Instance>
<Instance name="Cap Screw_M3_10mm-10" uid="Cap Screw_M3_10mm-10" entityUid="Cap Screw_M3_10mm*:*B18.3.1M - 3 x 0.5 x 30 Hex SHCS -- 30NHX">
<Transform>
<Rotation>9.5239071248729949e-16 -1 2.1349808054273819e-16 1 9.5239071248729929e-16 -4.9960036108132054e-16 4.9960036108132034e-16 2.1349808054273866e-16 1</Rotation>
<Translation>-0.025500000000000005 -0.0073999999999999986 0.066000000080000149</Translation>
</Transform>
</Instance>
<Instance name="Hex Nut_M3-14" uid="Hex Nut_M3-14" entityUid="Hex Nut_M3*:*B18.2.4.1M - Hex nut, Style 1,  M3 x 0.5 --D-N">
<Transform>
<Rotation>1 1.8179902028236938e-15 -1.5765016303582359e-15 -1.5765016303582349e-15 -3.0557891294861171e-16 -0.99999999999999978 -1.8179902028236938e-15 1 -3.0557891294860905e-16</Rotation>
<Translation>0.018749999999999958 -0.0064000000000000081 0.018750000000000159</Translation>
</Transform>
</Instance>
<Instance name="Cap Screw_M3_14mm-4" uid="Cap Screw_M3_14mm-4" entityUid="Cap Screw_M3_14mm*:*B18.3.1M - 3 x 0.5 x 30 Hex SHCS -- 30NHX">
<Transform>
<Rotation>-1.336214126566841e-15 0.79999999999999838 0.60000000000000242 -1 -1.6018827847303068e-15 0 8.8818580579472343e-16 -0.60000000000000242 0.79999999999999838</Rotation>
<Translation>-0.018750000000000013 0.007500000000000037 0.01875000000000018</Translation>
</Transform>
</Instance>
<Instance name="Cap Screw_M3_14mm-1" uid="Cap Screw_M3_14mm-1" entityUid="Cap Screw_M3_14mm*:*B18.3.1M - 3 x 0.5 x 30 Hex SHCS -- 30NHX">
<Transform>
<Rotation>-1.7104757133078785e-15 1.0000000000000002 4.5796699765787707e-16 -1 -1.7104757133078803e-15 1.4210342856389733e-15 1.4210342856389747e-15 -4.5796699765787707e-16 1.0000000000000002</Rotation>
<Translation>0.018749999999999972 0.0074999999999999937 0.018750000000000183</Translation>
</Transform>
</Instance>
<Instance name="Hex Nut_M3-15" uid="Hex Nut_M3-15" entityUid="Hex Nut_M3*:*B18.2.4.1M - Hex nut, Style 1,  M3 x 0.5 --D-N">
<Transform>
<Rotation>0.98208185031913608 0.18845487330855115 -1.4432466999353883e-15 -1.3711664027393879e-15 -5.1284989526068822e-16 -0.99999999999999989 -0.18845487330855115 0.98208185031913608 -2.4525758336039871e-16</Rotation>
<Translation>0.018749999999999944 -0.0064000000000000142 -0.018749999999999857</Translation>
</Transform>
</Instance>
<Instance name="Pan Screw_M2_25mm-2" uid="Pan Screw_M2_25mm-2" entityUid="Pan Screw_M2_25mm*:*B18.6.7M - M2 x 0.4 x 10 Type I Cross Recessed PHMS --10N">
<Transform>
<Rotation>-1 -4.2782944899479665e-16 0 0 -0.18949847848334661 -0.98188101450863008 4.2910139402331088e-16 -0.98188101450863008 0.18949847848334661</Rotation>
<Translation>0.072137180396920769 0.011250000000001485 -0.040400000015999582</Translation>
</Transform>
</Instance>
<Instance name="Motor Driver-1" uid="Motor Driver-1" entityUid="Motor Driver*:*Default">
<Transform>
<Rotation>-1.0000000000000002 1.1043325578370797e-15 -4.5796699765787707e-16 1.1043325578370799e-15 1 -3.1160736320211468e-16 4.5796699765787707e-16 -3.1160736320211463e-16 -1.0000000000000002</Rotation>
<Translation>0 0.0030000000000000122 0</Translation>
</Transform>
</Instance>
<Instance name="Spacer-1" uid="Spacer-1" entityUid="Spacer*:*Default">
<Transform>
<Rotation>0.52242426466689129 -1.9300237933197281e-16 -0.85268569102997049 -5.1182383441821725e-16 -1 0 -0.85268569102997049 4.8200024069866146e-16 -0.52242426466689129</Rotation>
<Translation>0.018749999999999992 0.0029999999999999992 0.018750000000000145</Translation>
</Transform>
</Instance>
<Instance name="Cap Screw_M3_14mm-2" uid="Cap Screw_M3_14mm-2" entityUid="Cap Screw_M3_14mm*:*B18.3.1M - 3 x 0.5 x 30 Hex SHCS -- 30NHX">
<Transform>
<Rotation>-1.1994709632222917e-15 0.98208185031913664 0.18845487330854888 -1 -1.3851869821678881e-15 8.5376423776370103e-16 1.099511599592383e-15 -0.18845487330854888 0.98208185031913664</Rotation>
<Translation>0.018749999999999965 0.0074999999999999832 -0.018749999999999833</Translation>
</Transform>
</Instance>
<Instance name="Spacer-2" uid="Spacer-2" entityUid="Spacer*:*Default">
<Transform>
<Rotation>0.35237061462061003 -1.9747364924132451e-15 -0.93586053979847528 -1.0432073913060869e-15 -1 1.7172867050340979e-15 -0.93586053979847528 3.7117526061680641e-16 -0.35237061462061003</Rotation>
<Translation>0.018749999999999972 0.0029999999999999836 -0.018749999999999861</Translation>
</Transform>
</Instance>
<Instance name="Spacer-3" uid="Spacer-3" entityUid="Spacer*:*Default">
<Transform>
<Rotation>0.14233921582428682 -1.4817598103492331e-15 -0.98981793661184336 3.1354632028914391e-16 -1 1.5420914202955626e-15 -0.98981793661184336 -5.2985385527506763e-16 -0.14233921582428682</Rotation>
<Translation>-0.018750000000000024 0.003000000000000027 -0.018749999999999815</Translation>
</Transform>
</Instance>
<Instance name="Hex Nut_M3-16" uid="Hex Nut_M3-16" entityUid="Hex Nut_M3*:*B18.2.4.1M - Hex nut, Style 1,  M3 x 0.5 --D-N">
<Transform>
<Rotation>0.91836505143399294 0.39573429508274777 -1.5392642701792502e-15 -1.5520678154299136e-15 -2.8781794362577658e-16 -0.99999999999999989 -0.39573429508274777 0.91836505143399294 3.4988452225826472e-16</Rotation>
<Translation>-0.01875000000000002 -0.0064000000000000107 -0.018749999999999836</Translation>
</Transform>
</Instance>
<Instance name="Pan Screw_M2_25mm-1" uid="Pan Screw_M2_25mm-1" entityUid="Pan Screw_M2_25mm*:*B18.6.7M - M2 x 0.4 x 10 Type I Cross Recessed PHMS --10N">
<Transform>
<Rotation>-1 -3.0839795503088057e-16 -7.8490811530683279e-16 1.3485378376655294e-16 -0.97723561392384395 0.21215691098544834 -8.3246892142926084e-16 0.21215691098544834 0.97723561392384395</Rotation>
<Translation>0.0721371803969207 0.011249999999998574 0.041400000016000263</Translation>
</Transform>
</Instance>
<Instance name="Cap Screw_M3_14mm-3" uid="Cap Screw_M3_14mm-3" entityUid="Cap Screw_M3_14mm*:*B18.3.1M - 3 x 0.5 x 30 Hex SHCS -- 30NHX">
<Transform>
<Rotation>-1.8447738633695885e-15 0.91836505143399338 0.39573429508274688 -1 -2.0371662271542196e-15 0 8.667188755147e-16 -0.39573429508274688 0.91836505143399338</Rotation>
<Translation>-0.018750000000000034 0.0075000000000000214 -0.018749999999999847</Translation>
</Transform>
</Instance>
<Instance name="Spacer-4" uid="Spacer-4" entityUid="Spacer*:*Default">
<Transform>
<Rotation>-0.093672002884470917 -1.9004237085244553e-15 -0.99560311162411075 -6.8246904613587135e-16 -1 1.9730271310404438e-15 -0.99560311162411075 8.6428570902997213e-16 0.093672002884470917</Rotation>
<Translation>-0.018750000000000017 0.0030000000000000361 0.018750000000000166</Translation>
</Transform>
</Instance>
<Instance name="Hex Nut_M3-22" uid="Hex Nut_M3-22" entityUid="Hex Nut_M3*:*B18.2.4.1M - Hex nut, Style 1,  M3 x 0.5 --D-N">
<Transform>
<Rotation>0.98208185031913375 0.18845487330856314 0 0 -1.3877787807814457e-16 -1 -0.18845487330856314 0.98208185031913375 -1.3877787807814457e-16</Rotation>
<Translation>-0.019999999999999976 -0.011899999999999997 0.10700000000000001</Translation>
</Transform>
</Instance>
<Instance name="Hex Spacer Screw-2" uid="Hex Spacer Screw-2" entityUid="Hex Spacer Screw*:*B18.3.1M - 3 x 0.5 x 30 Hex SHCS -- 30NHX">
<Transform>
<Rotation>0 0.39065174788108159 0.92053854448222661 -1 0 0 0 -0.92053854448222661 0.39065174788108153</Rotation>
<Translation>0.020000000000000007 -0.0043999999999999873 0.081999999999999962</Translation>
</Transform>
</Instance>
<Instance name="Hex Nut_M3-20" uid="Hex Nut_M3-20" entityUid="Hex Nut_M3*:*B18.2.4.1M - Hex nut, Style 1,  M3 x 0.5 --D-N">
<Transform>
<Rotation>0.98208185031913375 0.18845487330856314 0 0 -1.3877787807814457e-16 -1 -0.18845487330856314 0.98208185031913375 -1.3877787807814457e-16</Rotation>
<Translation>0.020000000000000028 -0.011900000000000001 0.08199999999999999</Translation>
</Transform>
</Instance>
<Instance name="Hex Spacer Screw-5" uid="Hex Spacer Screw-5" entityUid="Hex Spacer Screw*:*B18.3.1M - 3 x 0.5 x 30 Hex SHCS -- 30NHX">
<Transform>
<Rotation>-1.6479873021779667e-16 0.18302328182110286 0.98310857910580429 -1 0 -1.3877787807814457e-16 0 -0.98310857910580418 0.18302328182110289</Rotation>
<Translation>0.020000000000000011 -0.0043999999999999942 0.10699999999999998</Translation>
</Transform>
</Instance>
<Instance name="Hex Nut_M3-23" uid="Hex Nut_M3-23" entityUid="Hex Nut_M3*:*B18.2.4.1M - Hex nut, Style 1,  M3 x 0.5 --D-N">
<Transform>
<Rotation>0.91836505143398783 0.39573429508275981 -1.3877787807814457e-16 0 -2.2204460492503131e-16 -1 -0.39573429508275981 0.91836505143398783 -1.6653345369377348e-16</Rotation>
<Translation>0.020000000000000025 -0.011900000000000001 0.107</Translation>
</Transform>
</Instance>
<Instance name="Hex Nut_M3-17" uid="Hex Nut_M3-17" entityUid="Hex Nut_M3*:*B18.2.4.1M - Hex nut, Style 1,  M3 x 0.5 --D-N">
<Transform>
<Rotation>0.79999999999999827 0.60000000000000231 -1.6260518267199287e-15 -8.4246266734388906e-16 -1.5868028214080256e-15 -1 -0.60000000000000231 0.79999999999999827 -7.6396465672008235e-16</Rotation>
<Translation>-0.018750000000000048 -0.0064000000000000098 0.018750000000000155</Translation>
</Transform>
</Instance>
<Instance name="Hex Nut_M3-19" uid="Hex Nut_M3-19" entityUid="Hex Nut_M3*:*B18.2.4.1M - Hex nut, Style 1,  M3 x 0.5 --D-N">
<Transform>
<Rotation>1 1.4210854715202004e-14 0 0 -1.4512917436391742e-16 -1 -1.4210854715202004e-14 1 -1.4512917436391703e-16</Rotation>
<Translation>-0.019999999999999983 -0.011899999999999997 0.082000000000000059</Translation>
</Transform>
</Instance>
<Instance name="Hex Spacer Screw-4" uid="Hex Spacer Screw-4" entityUid="Hex Spacer Screw*:*B18.3.1M - 3 x 0.5 x 30 Hex SHCS -- 30NHX">
<Transform>
<Rotation>0 0.39065174788108159 0.92053854448222661 -1 0 0 0 -0.92053854448222661 0.39065174788108153</Rotation>
<Translation>-0.019999999999999973 -0.0044000000000000011 0.10699999999999997</Translation>
</Transform>
</Instance>
<Instance name="Hex Spacer Screw-1" uid="Hex Spacer Screw-1" entityUid="Hex Spacer Screw*:*B18.3.1M - 3 x 0.5 x 30 Hex SHCS -- 30NHX">
<Transform>
<Rotation>0 0.55713196616549165 0.83042397140049706 -1 0 -1.1636577189856446e-16 -1.4512917436391774e-16 -0.83042397140049706 0.55713196616549165</Rotation>
<Translation>-0.019999999999999987 -0.0043999999999999942 0.08199999999999999</Translation>
</Transform>
</Instance>
<Instance name="Line Tracking Module-1" uid="Line Tracking Module-1" entityUid="Line Tracking Module*:*Default">
<Transform>
<Rotation>1.0000000000000002 0 -2.3592239273284576e-16 0 -1 0 -2.3592239273284576e-16 0 -1.0000000000000002</Rotation>
<Translation>0 -0.0083999999999999977 0.094499999999999945</Translation>
</Transform>
</Instance>
<Instance name="Hex Nut_M3-13" uid="Hex Nut_M3-13" entityUid="Hex Nut_M3*:*B18.2.4.1M - Hex nut, Style 1,  M3 x 0.5 --D-N">
<Transform>
<Rotation>0 -3.3345652257534187e-15 -1 1 2.498001805406603e-15 0 2.4980018054066026e-15 -1 3.3345652257534191e-15</Rotation>
<Translation>-0.023250000000000236 0.019999999999999997 -0.061000000015999901</Translation>
</Transform>
</Instance>
<Instance name="Cap Screw_M3_10mm-13" uid="Cap Screw_M3_10mm-13" entityUid="Cap Screw_M3_10mm*:*B18.3.1M - 3 x 0.5 x 30 Hex SHCS -- 30NHX">
<Transform>
<Rotation>1.1999204141696508e-15 -0.92896952145251721 -0.37015622136103743 1 1.3201674727639217e-15 0 5.5511151231257817e-16 -0.37015622136103743 0.92896952145251721</Rotation>
<Translation>-0.025500000000000037 -0.0074000000000000021 -0.057000000079999807</Translation>
</Transform>
</Instance>
<Instance name="Motor-6" uid="Motor-6" entityUid="Motor*:*Predeterminado">
<Transform>
<Rotation>3.3345652257534159e-15 0 -1 -3.1918911957973251e-14 1 0 1 3.1918911957973251e-14 3.3345652257534187e-15</Rotation>
<Translation>-0.037150000000000294 0.011250000000002475 -0.077200000015999498</Translation>
</Transform>
</Instance>
<Instance name="Pan Screw_M2_25mm-5" visible="false" uid="Pan Screw_M2_25mm-5" entityUid="Pan Screw_M2_25mm*:*B18.6.7M - M2 x 0.4 x 10 Type I Cross Recessed PHMS --10N">
<Transform>
<Rotation>1 1.6411512364672616e-16 2.2070857364375291e-16 -1.8560999197291987e-16 -0.18949847848334661 0.98188101450863008 2.0296546299617759e-16 -0.98188101450863008 -0.18949847848334661</Rotation>
<Translation>-0.072137180396920783 0.0112500000000015 -0.040400000015999561</Translation>
</Transform>
</Instance>
<Instance name="Wheel-6" uid="Wheel-6" entityUid="Wheel*:*Predeterminado">
<Transform>
<Rotation>-1 -3.7988974562193808e-16 1.084113265519302e-16 2.8740493373980811e-16 -0.51129481159406431 0.85940538492436169 -2.7104914428100781e-16 0.85940538492436169 0.51129481159406431</Rotation>
<Translation>-0.050550000000000053 0.011250000000001491 -0.040400000015999568</Translation>
</Transform>
</Instance>
<Instance name="Cap Screw_M3_30mm-13" uid="Cap Screw_M3_30mm-13" entityUid="Cap Screw_M3_30mm*:*B18.3.1M - 3 x 0.5 x 30 Hex SHCS -- 30NHX">
<Transform>
<Rotation>1 0 3.1916511988512705e-15 -4.3909059820320687e-16 0.98735050738457542 0.15855275326345319 -3.1620302539207754e-15 -0.15855275326345319 0.98735050738457542</Rotation>
<Translation>-0.049550000000000226 0.020000000000001992 -0.061000000015999159</Translation>
</Transform>
</Instance>
<Instance name="Cap Screw_M3_30mm-12" uid="Cap Screw_M3_30mm-12" entityUid="Cap Screw_M3_30mm*:*B18.3.1M - 3 x 0.5 x 30 Hex SHCS -- 30NHX">
<Transform>
<Rotation>1 0 0 0 1 0 0 0 1</Rotation>
<Translation>-0.049550000000000038 0.0024999999999998504 -0.061000000015999985</Translation>
</Transform>
</Instance>
<Instance name="Hex Nut_M3-12" uid="Hex Nut_M3-12" entityUid="Hex Nut_M3*:*B18.2.4.1M - Hex nut, Style 1,  M3 x 0.5 --D-N">
<Transform>
<Rotation>0 3.3345652257534179e-15 -1 -1 -1.6653345369377375e-16 0 -1.6653345369377348e-16 1 3.3345652257534179e-15</Rotation>
<Translation>-0.023250000000000246 0.0024999999999999983 -0.061000000015999908</Translation>
</Transform>
</Instance>
<Instance name="Cap Screw_M3_10mm-12" uid="Cap Screw_M3_10mm-12" entityUid="Cap Screw_M3_10mm*:*B18.3.1M - 3 x 0.5 x 30 Hex SHCS -- 30NHX">
<Transform>
<Rotation>1.2128474795814855e-15 -0.98208185031913653 -0.18845487330854963 1 1.2852676196547721e-15 -2.6208142892372901e-16 4.9960036108132015e-16 -0.18845487330854963 0.98208185031913653</Rotation>
<Translation>-0.025500000000000026 -0.0074000000000000003 -0.065000000079999828</Translation>
</Transform>
</Instance>
<Instance name="Motor Mount Block-6" uid="Motor Mount Block-6" entityUid="Motor Mount Block*:*Default">
<Transform>
<Rotation>-3.3345652257534183e-15 0 -1 0 -1 0 -1 0 3.3345652257534183e-15</Rotation>
<Translation>-0.023250000000000243 0.022499999999999999 -0.061000000015999901</Translation>
</Transform>
</Instance>
<Instance name="Pan Screw_M2_25mm-4" visible="false" uid="Pan Screw_M2_25mm-4" entityUid="Pan Screw_M2_25mm*:*B18.6.7M - M2 x 0.4 x 10 Type I Cross Recessed PHMS --10N">
<Transform>
<Rotation>1 1.4145419144177368e-16 -1.0525551397212193e-15 0 -0.97723561392384417 -0.21215691098544839 -1.0586048524563941e-15 0.21215691098544839 -0.97723561392384417</Rotation>
<Translation>-0.072137180396920686 0.011249999999998591 0.041400000016000277</Translation>
</Transform>
</Instance>
<Instance name="Long Hex Nut-1" uid="Long Hex Nut-1" entityUid="Long Hex Nut*:*B18.2.4.1M - Hex nut, Style 1,  M3 x 0.5 --D-N">
<Transform>
<Rotation>-1 1.0996327861798058e-16 1.0996327861798059e-16 1.0996327861798058e-16 0 1 1.0996327861798061e-16 1 0</Rotation>
<Translation>-0.052499999999999991 0.040000000000000008 0.085000000000000159</Translation>
</Transform>
</Instance>
<Instance name="Cap Screw_M3_10mm-16" uid="Cap Screw_M3_10mm-16" entityUid="Cap Screw_M3_10mm*:*B18.3.1M - 3 x 0.5 x 30 Hex SHCS -- 30NHX">
<Transform>
<Rotation>2.0296264668928643e-16 -0.91836505143399338 0.39573429508274693 1 2.4980018054066022e-16 0 -1.6653345369377348e-16 0.39573429508274705 0.9183650514339935</Rotation>
<Translation>0.055999996140599237 -0.0074000000000000125 -0.080000001937150927</Translation>
</Transform>
</Instance>
<Instance name="Cap Screw_M3_7mm-1" uid="Cap Screw_M3_7mm-1" entityUid="Cap Screw_M3_7mm*:*B18.3.1M - 3 x 0.5 x 30 Hex SHCS -- 30NHX">
<Transform>
<Rotation>-1.0996327861798059e-16 -1 0 -1 1.0996327861798059e-16 0 0 0 -1</Rotation>
<Translation>-0.01999999999999998 0.003000000000000007 0.082000000000000017</Translation>
</Transform>
</Instance>
<Instance name="Cap Screw_M3_7mm-2" uid="Cap Screw_M3_7mm-2" entityUid="Cap Screw_M3_7mm*:*B18.3.1M - 3 x 0.5 x 30 Hex SHCS -- 30NHX">
<Transform>
<Rotation>-1.0018028073766061e-16 -0.98208185031913653 -0.18845487330854899 -1 0 0 0 0.1884548733085491 -0.98208185031913653</Rotation>
<Translation>0.019999999999999993 0.0030000000000000053 0.082000000000000003</Translation>
</Transform>
</Instance>
<Instance name="Long Hex Nut-3" uid="Long Hex Nut-3" entityUid="Long Hex Nut*:*B18.2.4.1M - Hex nut, Style 1,  M3 x 0.5 --D-N">
<Transform>
<Rotation>-0.91836505143399338 0.39573429508274693 2.0296264668928643e-16 2.4980018054066022e-16 0 1 0.39573429508274705 0.9183650514339935 -1.6653345369377348e-16</Rotation>
<Translation>0.055999996140599251 0.039999999999999994 -0.080000001937150955</Translation>
</Transform>
</Instance>
<Instance name="Long Hex Nut-7" uid="Long Hex Nut-7" entityUid="Long Hex Nut*:*B18.2.4.1M - Hex nut, Style 1,  M3 x 0.5 --D-N">
<Transform>
<Rotation>-0.82733159253705801 0.56171383816859566 0 0 0 1 0.56171383816859566 0.82733159253705812 0</Rotation>
<Translation>-0.055999996140599237 0.040000000000000008 0</Translation>
</Transform>
</Instance>
<Instance name="Cap Screw_M3_10mm-22" uid="Cap Screw_M3_10mm-22" entityUid="Cap Screw_M3_10mm*:*B18.3.1M - 3 x 0.5 x 30 Hex SHCS -- 30NHX">
<Transform>
<Rotation>0 -1 0 -1 0 0 0 0 -1</Rotation>
<Translation>-0.052499999999999991 0.047400000000000005 0.08500000000000002</Translation>
</Transform>
</Instance>
<Instance name="Long Hex Nut-4" uid="Long Hex Nut-4" entityUid="Long Hex Nut*:*B18.2.4.1M - Hex nut, Style 1,  M3 x 0.5 --D-N">
<Transform>
<Rotation>-0.79999999999999893 0.60000000000000153 1.4224732503009818e-16 1.3877787807814457e-16 0 1 0.60000000000000142 0.79999999999999905 0</Rotation>
<Translation>-0.055999996140599251 0.040000000000000001 -0.080000001937150955</Translation>
</Transform>
</Instance>
<Instance name="Cap Screw_M3_7mm-3" uid="Cap Screw_M3_7mm-3" entityUid="Cap Screw_M3_7mm*:*B18.3.1M - 3 x 0.5 x 30 Hex SHCS -- 30NHX">
<Transform>
<Rotation>-2.0296264668928643e-16 -0.9183650514339935 -0.39573429508274682 -1 2.6367796834847468e-16 0 1.6653345369377348e-16 0.39573429508274688 -0.9183650514339935</Rotation>
<Translation>-0.019999999999999993 0.0030000000000000053 0.107</Translation>
</Transform>
</Instance>
<Instance name="Cap Screw_M3_10mm-14" uid="Cap Screw_M3_10mm-14" entityUid="Cap Screw_M3_10mm*:*B18.3.1M - 3 x 0.5 x 30 Hex SHCS -- 30NHX">
<Transform>
<Rotation>1.0996327861798059e-16 -1 0 1 1.0996327861798059e-16 0 0 0 1</Rotation>
<Translation>-0.052499999999999991 -0.0073999999999999873 0.085000000000000159</Translation>
</Transform>
</Instance>
<Instance name="Long Hex Nut-2" uid="Long Hex Nut-2" entityUid="Long Hex Nut*:*B18.2.4.1M - Hex nut, Style 1,  M3 x 0.5 --D-N">
<Transform>
<Rotation>-0.98208185031913653 0.18845487330854915 1.0018028073766061e-16 0 0 1 0.18845487330854926 0.98208185031913653 0</Rotation>
<Translation>0.052500000000000019 0.040000000000000001 0.084999999999999992</Translation>
</Transform>
</Instance>
<Instance name="Cap Screw_M3_7mm-4" uid="Cap Screw_M3_7mm-4" entityUid="Cap Screw_M3_7mm*:*B18.3.1M - 3 x 0.5 x 30 Hex SHCS -- 30NHX">
<Transform>
<Rotation>-1.4224732503009818e-16 -0.79999999999999916 -0.60000000000000142 -1 1.3877787807814457e-16 0 0 0.60000000000000131 -0.79999999999999905</Rotation>
<Translation>0.02 0.003000000000000007 0.107</Translation>
</Transform>
</Instance>
<Instance name="Cap Screw_M3_10mm-15" uid="Cap Screw_M3_10mm-15" entityUid="Cap Screw_M3_10mm*:*B18.3.1M - 3 x 0.5 x 30 Hex SHCS -- 30NHX">
<Transform>
<Rotation>1.0018028073766061e-16 -0.98208185031913653 0.1884548733085491 1 0 0 0 0.18845487330854921 0.98208185031913653</Rotation>
<Translation>0.052499999999999998 -0.0074000000000000003 0.085000000000000159</Translation>
</Transform>
</Instance>
<Instance name="Cap Screw_M3_10mm-17" uid="Cap Screw_M3_10mm-17" entityUid="Cap Screw_M3_10mm*:*B18.3.1M - 3 x 0.5 x 30 Hex SHCS -- 30NHX">
<Transform>
<Rotation>1.4224732503009818e-16 -0.79999999999999893 0.60000000000000153 1 0 0 0 0.60000000000000142 0.79999999999999905</Rotation>
<Translation>-0.055999996140599258 -0.0074000000000000003 -0.080000001937150927</Translation>
</Transform>
</Instance>
<Instance name="Long Hex Nut-6" uid="Long Hex Nut-6" entityUid="Long Hex Nut*:*B18.2.4.1M - Hex nut, Style 1,  M3 x 0.5 --D-N">
<Transform>
<Rotation>-0.92896952145251743 0.3701562213610366 0 1.6653345369377348e-16 0 0.99999999999999989 0.37015622136103676 0.92896952145251743 0</Rotation>
<Translation>0.055999996140599251 0.039999999999999987 0</Translation>
</Transform>
</Instance>
<Instance name="Cap Screw_M3_10mm-19" uid="Cap Screw_M3_10mm-19" entityUid="Cap Screw_M3_10mm*:*B18.3.1M - 3 x 0.5 x 30 Hex SHCS -- 30NHX">
<Transform>
<Rotation>0 -0.92896952145251743 0.37015622136103671 0.99999999999999989 1.3183898417423734e-16 0 0 0.37015622136103687 0.92896952145251743</Rotation>
<Translation>0.055999996140599251 -0.0074000000000000029 0</Translation>
</Transform>
</Instance>
<Instance name="Cap Screw_M3_10mm-20" uid="Cap Screw_M3_10mm-20" entityUid="Cap Screw_M3_10mm*:*B18.3.1M - 3 x 0.5 x 30 Hex SHCS -- 30NHX">
<Transform>
<Rotation>1.0581813203458523e-16 -0.82733159253705812 0.56171383816859555 1 0 -1.1102230246251565e-16 0 0.56171383816859577 0.82733159253705835</Rotation>
<Translation>-0.055999996140599265 -0.0073999999999999925 0</Translation>
</Transform>
</Instance>
<Instance name="Top Plate-1" uid="Top Plate-1" entityUid="Top Plate*:*Default">
<Transform>
<Rotation>-1 0 0 0 1 0 0 0 -1</Rotation>
<Translation>0 0.040000000000000001 0</Translation>
</Transform>
</Instance>
<Instance name="Cap Screw_M3_10mm-23" uid="Cap Screw_M3_10mm-23" entityUid="Cap Screw_M3_10mm*:*B18.3.1M - 3 x 0.5 x 30 Hex SHCS -- 30NHX">
<Transform>
<Rotation>0 -0.98208185031913642 -0.18845487330854918 -1 0 0 -1.3877787807814457e-16 0.18845487330854918 -0.98208185031913675</Rotation>
<Translation>-0.055999996140599251 0.047400000000000012 0</Translation>
</Transform>
</Instance>
<Instance name="Cap Screw_M3_10mm-25" uid="Cap Screw_M3_10mm-25" entityUid="Cap Screw_M3_10mm*:*B18.3.1M - 3 x 0.5 x 30 Hex SHCS -- 30NHX">
<Transform>
<Rotation>0 -0.79999999999999905 -0.60000000000000131 -1.0000000000000002 0 0 0 0.60000000000000131 -0.79999999999999905</Rotation>
<Translation>0.052499999999999998 0.047400000000000005 0.08500000000000002</Translation>
</Transform>
</Instance>
<Instance name="Cap Screw_M3_10mm-24" uid="Cap Screw_M3_10mm-24" entityUid="Cap Screw_M3_10mm*:*B18.3.1M - 3 x 0.5 x 30 Hex SHCS -- 30NHX">
<Transform>
<Rotation>0 -0.9183650514339935 -0.39573429508274666 -1 0 0 0 0.39573429508274671 -0.91836505143399361</Rotation>
<Translation>0.055999996140599237 0.047400000000000012 0</Translation>
</Transform>
</Instance>
<Instance name="Cap Screw_M3_10mm-26" uid="Cap Screw_M3_10mm-26" entityUid="Cap Screw_M3_10mm*:*B18.3.1M - 3 x 0.5 x 30 Hex SHCS -- 30NHX">
<Transform>
<Rotation>0 -0.63357958701729988 -0.77367752126773581 -1 0 0 1.1102230246251565e-16 0.7736775212677357 -0.63357958701729966</Rotation>
<Translation>0.055999996140599244 0.047400000000000012 -0.080000001937150941</Translation>
</Transform>
</Instance>
<Instance name="Cap Screw_M3_10mm-27" uid="Cap Screw_M3_10mm-27" entityUid="Cap Screw_M3_10mm*:*B18.3.1M - 3 x 0.5 x 30 Hex SHCS -- 30NHX">
<Transform>
<Rotation>0 -0.44362899105917653 -0.89621053234818504 -1 0 0 -3.3306690738754696e-16 0.89621053234818515 -0.44362899105917658</Rotation>
<Translation>-0.055999996140599251 0.047400000000000012 -0.080000001937150927</Translation>
</Transform>
</Instance>
<Instance name="Battery Holder-1" uid="Battery Holder-1" entityUid="Battery Holder*:*Default">
<Transform>
<Rotation>1 0 0 0 1 0 0 0 1</Rotation>
<Translation>0.001000000000000007 0.044400000000000002 -0.075000000000000011</Translation>
</Transform>
</Instance>
<Instance name="Motor Mount Block-5" uid="Motor Mount Block-5" entityUid="Motor Mount Block*:*Default">
<Transform>
<Rotation>1.8565416116632735e-15 1.370670029254849e-16 -1 -1.6653345369377388e-16 1 1.3706700292548458e-16 1 1.6653345369377363e-16 1.8565416116632735e-15</Rotation>
<Translation>-0.023249999999999844 0 0.062000000016000048</Translation>
</Transform>
</Instance>
<Instance name="Motor-5" uid="Motor-5" entityUid="Motor*:*Predeterminado">
<Transform>
<Rotation>-1.5234747042757259e-15 6.262113265041935e-16 -1 3.4527936065842368e-14 -1 -6.2621132650424605e-16 -1 -3.4527936065842368e-14 1.5234747042757042e-15</Rotation>
<Translation>-0.037149999999999815 0.0112499999999973 0.078200000016000457</Translation>
</Transform>
</Instance>
<Instance name="Cap Screw_M3_30mm-10" uid="Cap Screw_M3_30mm-10" entityUid="Cap Screw_M3_30mm*:*B18.3.1M - 3 x 0.5 x 30 Hex SHCS -- 30NHX">
<Transform>
<Rotation>1 5.2745814417272269e-16 -3.7113446739203216e-15 5.2745814417284388e-16 -1 3.2640556923979596e-14 -3.7113446739203042e-15 -3.2640556923979596e-14 -1</Rotation>
<Translation>-0.049549999999999858 0.01999999999999787 0.062000000016000791</Translation>
</Transform>
</Instance>
<Instance name="Wheel-5" uid="Wheel-5" entityUid="Wheel*:*Predeterminado">
<Transform>
<Rotation>-1 2.0691572968794196e-16 -9.3930383777447291e-16 6.0208577748743765e-16 -0.62691051006923793 -0.77909127344922058 -7.5006568738844064e-16 -0.77909127344922058 0.62691051006923793</Rotation>
<Translation>-0.050549999999999963 0.011249999999998565 0.041400000016000339</Translation>
</Transform>
</Instance>
<Instance name="Cap Screw_M3_30mm-11" uid="Cap Screw_M3_30mm-11" entityUid="Cap Screw_M3_30mm*:*B18.3.1M - 3 x 0.5 x 30 Hex SHCS -- 30NHX">
<Transform>
<Rotation>1 3.0694859801809568e-16 -3.2986078137041317e-15 -2.1993749680499193e-16 -0.98735050738457486 -0.15855275326345702 -3.3055496438496246e-15 0.15855275326345702 -0.98735050738457486</Rotation>
<Translation>-0.049549999999999837 0.0024999999999978581 0.06200000001600018</Translation>
</Transform>
</Instance>
<Instance name="Hex Nut_M3-10" uid="Hex Nut_M3-10" entityUid="Hex Nut_M3*:*B18.2.4.1M - Hex nut, Style 1,  M3 x 0.5 --D-N">
<Transform>
<Rotation>-1.8223013679294044e-15 -2.3468026307599616e-16 -1 -2.220446049250304e-16 -1 2.3468026307599655e-16 -1 2.2204460492503082e-16 1.8223013679294044e-15</Rotation>
<Translation>-0.023249999999999833 0.020000000000000011 0.062000000016000055</Translation>
</Transform>
</Instance>
<Instance name="Motor-1" uid="Motor-1" entityUid="Motor*:*Predeterminado">
<Transform>
<Rotation>1.2973387732486003e-15 8.4613788374016248e-16 1 3.4527936065842368e-14 1 -8.4613788374020705e-16 -1 3.4527936065842368e-14 1.2973387732485715e-15</Rotation>
<Translation>0.037149999999999836 0.011249999999997297 0.078200000016000443</Translation>
</Transform>
</Instance>
<Instance name="Base Plate-1" uid="Base Plate-1" entityUid="Base Plate*:*Default">
<Transform>
<Rotation>-1 1.0996327861798057e-16 -1.1306796551356662e-16 1.0996327861798058e-16 0.99999999999999989 0 1.1306796551356665e-16 0 -0.99999999999999989</Rotation>
<Translation>0 -0.0044000000000000011 0</Translation>
</Transform>
</Instance>
<Instance name="Wheel-1" uid="Wheel-1" entityUid="Wheel*:*Predeterminado">
<Transform>
<Rotation>0.99999999999999989 -5.2097053033906372e-16 -9.0972796809740699e-16 3.8215922025147636e-16 -0.62691051006923793 0.77909127344922058 -9.7620161841557373e-16 -0.77909127344922058 -0.62691051006923781</Rotation>
<Translation>0.050549999999999977 0.011249999999998553 0.041400000016000332</Translation>
</Transform>
</Instance>
<Instance name="Motor Mount Block-1" uid="Motor Mount Block-1" entityUid="Motor Mount Block*:*Default">
<Transform>
<Rotation>-1.63040568063614e-15 0 -0.99999999999999967 -1.6653345369377348e-16 1 0 1 1.6653345369377348e-16 -1.6304056806361398e-15</Rotation>
<Translation>0.027749999999999862 0 0.062000000016000055</Translation>
</Transform>
</Instance>
<Instance name="Cap Screw_M3_10mm-6" uid="Cap Screw_M3_10mm-6" entityUid="Cap Screw_M3_10mm*:*B18.3.1M - 3 x 0.5 x 30 Hex SHCS -- 30NHX">
<Transform>
<Rotation>-9.9292092234552408e-16 0.98208185031913631 -0.18845487330854971 1 1.0200174038743626e-15 1.1102230246251565e-16 4.9960036108132044e-16 -0.18845487330854979 -0.98208185031913597</Rotation>
<Translation>0.025500000000000019 -0.0074000000000000073 -0.065000000079999815</Translation>
</Transform>
</Instance>
<Instance name="Cap Screw_M3_10mm-1" uid="Cap Screw_M3_10mm-1" entityUid="Cap Screw_M3_10mm*:*B18.3.1M - 3 x 0.5 x 30 Hex SHCS -- 30NHX">
<Transform>
<Rotation>-7.32464155251338e-16 1 -1.3285857904769733e-16 0.99999999999999989 6.7122803440903592e-16 6.106226635438361e-16 4.9960036108132044e-16 0 -1.0000000000000002</Rotation>
<Translation>0.025500000000000019 -0.0074000000000000038 0.066000000080000149</Translation>
</Transform>
</Instance>
<Instance name="Motor-3" uid="Motor-3" entityUid="Motor*:*Predeterminado">
<Transform>
<Rotation>-3.1084292947262898e-15 -1.3611150702982882e-16 0.99999999999999989 -3.1918911957973251e-14 -1.0000000000000002 -1.0600459253275863e-16 1 -3.1918911957973251e-14 2.8100960694161782e-15</Rotation>
<Translation>0.037150000000000266 0.011250000000002465 -0.077200000015999498</Translation>
</Transform>
</Instance>
<Instance name="Cap Screw_M3_10mm-7" uid="Cap Screw_M3_10mm-7" entityUid="Cap Screw_M3_10mm*:*B18.3.1M - 3 x 0.5 x 30 Hex SHCS -- 30NHX">
<Transform>
<Rotation>-9.7999385693368925e-16 0.9289695214525171 -0.3701562213610376 0.99999999999999978 1.124100812432971e-15 1.3877787807814457e-16 5.5511151231257827e-16 -0.37015622136103765 -0.92896952145251688</Rotation>
<Translation>0.025500000000000019 -0.0074000000000000073 -0.057000000079999821</Translation>
</Transform>
</Instance>
<Instance name="Motor Mount Block-3" uid="Motor Mount Block-3" entityUid="Motor Mount Block*:*Default">
<Transform>
<Rotation>3.108429294726285e-15 -1.3611150702992931e-16 -0.99999999999999989 0 -0.99999999999999989 1.3611150702992931e-16 -1 0 -3.1084292947262846e-15</Rotation>
<Translation>0.027750000000000233 0.022499999999999989 -0.061000000015999888</Translation>
</Transform>
</Instance>
<Instance name="Hex Nut_M3-7" uid="Hex Nut_M3-7" entityUid="Hex Nut_M3*:*B18.2.4.1M - Hex nut, Style 1,  M3 x 0.5 --D-N">
<Transform>
<Rotation>1.3611150702992132e-16 3.108429294726285e-15 -1 0.99999999999999989 2.4980018054066022e-15 1.1646114458343156e-16 2.4980018054066022e-15 -0.99999999999999978 -3.0240220669956499e-15</Rotation>
<Translation>0.021250000000000227 0.01999999999999999 -0.061000000015999915</Translation>
</Transform>
</Instance>
<Instance name="Cap Screw_M3_10mm-2" uid="Cap Screw_M3_10mm-2" entityUid="Cap Screw_M3_10mm*:*B18.3.1M - 3 x 0.5 x 30 Hex SHCS -- 30NHX">
<Transform>
<Rotation>-9.9292092234552408e-16 0.98208185031913631 -0.18845487330854971 1 1.0200174038743626e-15 1.1102230246251565e-16 4.9960036108132044e-16 -0.18845487330854979 -0.98208185031913597</Rotation>
<Translation>0.025500000000000016 -0.0074000000000000021 0.058000000080000148</Translation>
</Transform>
</Instance>
<Instance name="Wheel-3" uid="Wheel-3" entityUid="Wheel*:*Predeterminado">
<Transform>
<Rotation>1 4.6178487482504889e-16 -1.9621686927369659e-16 0 -0.51129481159406431 -0.85940538492436169 -4.971850753081411e-16 0.85940538492436169 -0.51129481159406431</Rotation>
<Translation>0.050550000000000039 0.011250000000001479 -0.040400000015999575</Translation>
</Transform>
</Instance>
<Instance name="Cap Screw_M3_30mm-6" uid="Cap Screw_M3_30mm-6" entityUid="Cap Screw_M3_30mm*:*B18.3.1M - 3 x 0.5 x 30 Hex SHCS -- 30NHX">
<Transform>
<Rotation>-1 1.3611150702982143e-16 3.1084292947262894e-15 -1.2335557864837344e-16 1 3.4416913763379853e-14 -3.2169196434777208e-15 3.4583447217073626e-14 -0.99999999999999989</Rotation>
<Translation>0.04955000000000024 0.0025000000000019534 -0.061000000015999735</Translation>
</Transform>
</Instance>
<Instance name="Cap Screw_M3_30mm-7" uid="Cap Screw_M3_30mm-7" entityUid="Cap Screw_M3_30mm*:*B18.3.1M - 3 x 0.5 x 30 Hex SHCS -- 30NHX">
<Transform>
<Rotation>-1 6.272397885305065e-16 3.0475283871266435e-15 -2.1916404096724568e-16 0.98735050738457542 -0.15855275326345356 -2.9358943228936421e-15 -0.15855275326345319 -0.98735050738457542</Rotation>
<Translation>0.049550000000000212 0.020000000000001961 -0.061000000015999187</Translation>
</Transform>
</Instance>
<Instance name="Hex Nut_M3-6" uid="Hex Nut_M3-6" entityUid="Hex Nut_M3*:*B18.2.4.1M - Hex nut, Style 1,  M3 x 0.5 --D-N">
<Transform>
<Rotation>-1.3611150702992852e-16 -3.1084292947262846e-15 -0.99999999999999967 -1 -1.6653345369377348e-16 1.3611150702992906e-16 -1.6653345369377348e-16 1 -3.1084292947262842e-15</Rotation>
<Translation>0.021250000000000227 0.0025000000000000066 -0.061000000015999908</Translation>
</Transform>
</Instance>
<Instance name="Pan Screw_M1.6-3" uid="Pan Screw_M1.6-3" entityUid="Pan Screw_M1.6*:*B18.6.7M - M2 x 0.4 x 10 Type I Cross Recessed PHMS --10N">
<Transform>
<Rotation>-0.01972544433403654 0.3035789898940297 -0.95260206998554509 0 -0.95278744955678329 -0.30363806738793475 -0.99980543449504455 -0.0059893957959551011 0.018794155798400991</Rotation>
<Translation>0.020619855672249006 0.073560000000000028 0.094156330247944897</Translation>
</Transform>
</Instance>
<Instance name="Hex Nut_M3-35" uid="Hex Nut_M3-35" entityUid="Hex Nut_M3*:*B18.2.4.1M - Hex nut, Style 1,  M3 x 0.5 --D-N">
<Transform>
<Rotation>0.98208185031913642 0.18845487330854915 0 0 0 -1 -0.18845487330854915 0.98208185031913653 0</Rotation>
<Translation>-0.019055000067999997 0.037999999999999992 0.088750000000000009</Translation>
</Transform>
</Instance>
<Instance name="Hex Nut_M1.6-4" uid="Hex Nut_M1.6-4" entityUid="Hex Nut_M1.6*:*B18.2.4.1M - Hex nut, Style 1,  M1.6 x 0.35 --D-N">
<Transform>
<Rotation>0.91751760991740516 0.39720566755432524 -0.019725444334036293 0.39728296511504307 -0.91769616193454762 4.163336342344337e-16 -0.018101964557798514 -0.0078365830132380437 -0.99980543449504455</Rotation>
<Translation>0.02046402466201009 0.089860000000000023 0.086257867315434084</Translation>
</Transform>
</Instance>
<Instance name="Pan Screw_M1.6-4" uid="Pan Screw_M1.6-4" entityUid="Pan Screw_M1.6*:*B18.6.7M - M2 x 0.4 x 10 Type I Cross Recessed PHMS --10N">
<Transform>
<Rotation>-0.019725444334036377 0.39720566755434239 -0.91751760991739784 0 -0.91769616193454029 -0.39728296511506017 -0.99980543449504455 -0.0078365830132380784 0.018101964557798597</Rotation>
<Translation>0.020619855672249006 0.089860000000000023 0.094156330247944925</Translation>
</Transform>
</Instance>
<Instance name="Hex Nut_M3-34" uid="Hex Nut_M3-34" entityUid="Hex Nut_M3*:*B18.2.4.1M - Hex nut, Style 1,  M3 x 0.5 --D-N">
<Transform>
<Rotation>1 0 0 0 0 -1 0 1 0</Rotation>
<Translation>-0.019055000067999997 0.037999999999999999 0.10400000000000001</Translation>
</Transform>
</Instance>
<Instance name="Hex Nut_M3-36" uid="Hex Nut_M3-36" entityUid="Hex Nut_M3*:*B18.2.4.1M - Hex nut, Style 1,  M3 x 0.5 --D-N">
<Transform>
<Rotation>0.9183650514339935 0.39573429508274666 0 0 0 -1 -0.39573429508274671 0.91836505143399361 0</Rotation>
<Translation>-0.019055000067999997 0.037999999999999999 0.07350000000000001</Translation>
</Transform>
</Instance>
<Instance name="Cap Screw_M3_10mm-29" uid="Cap Screw_M3_10mm-29" entityUid="Cap Screw_M3_10mm*:*B18.3.1M - 3 x 0.5 x 30 Hex SHCS -- 30NHX">
<Transform>
<Rotation>0 1 0 -1 0 0 0 0 1</Rotation>
<Translation>-0.019055000067999997 0.049900000000000007 0.10400000000000001</Translation>
</Transform>
</Instance>
<Instance name="Cap Screw_M3_10mm-31" uid="Cap Screw_M3_10mm-31" entityUid="Cap Screw_M3_10mm*:*B18.3.1M - 3 x 0.5 x 30 Hex SHCS -- 30NHX">
<Transform>
<Rotation>0 0.9183650514339935 0.39573429508274666 -1 0 0 0 -0.39573429508274671 0.91836505143399361</Rotation>
<Translation>-0.019055000067999997 0.049900000000000007 0.073499999999999996</Translation>
</Transform>
</Instance>
<Instance name="Gyroscope sensor-1" uid="Gyroscope sensor-1" entityUid="Gyroscope sensor*:*Default">
<Transform>
<Rotation>1 0 0 0 1 0 0 0 1</Rotation>
<Translation>-0.0016399999999999956 0 0.03175000000000016</Translation>
</Transform>
</Instance>
<Instance name="Cap Screw_M3_10mm-30" uid="Cap Screw_M3_10mm-30" entityUid="Cap Screw_M3_10mm*:*B18.3.1M - 3 x 0.5 x 30 Hex SHCS -- 30NHX">
<Transform>
<Rotation>0 0.98208185031913642 0.18845487330854918 -1 0 0 0 -0.18845487330854921 0.98208185031913653</Rotation>
<Translation>-0.019055000068 0.049900000000000007 0.088750000000000009</Translation>
</Transform>
</Instance>
<Instance name="ESP32-2" uid="ESP32-2" entityUid="ESP32*:*Predeterminado">
<Transform>
<Rotation>1 0 0 0 1 0 0 0 1</Rotation>
<Translation>-0.0023420959115597493 0.044400000000000002 -0.031109946389099578</Translation>
</Transform>
</Instance>
